0.000000
0.003320
0.009337
0.015309
0.021286
0.027276
0.033349
0.039371
0.045369
0.051274
0.057446
0.063413
0.069394
0.075433
0.081330
0.087357
0.093433
0.099438
0.105387
0.111431
0.117496
0.123601
0.129609
0.135655
0.141818
0.147660
0.153566
0.159654
0.165820
0.172014
0.177971
0.184281
0.190169
0.196260
0.202403
0.208659
0.214424
0.220450
0.226554
0.232409
0.238352
0.244283
0.250343
0.256285
0.262668
0.268722
0.274957
0.280792
0.286546
0.292652
0.298907
0.304857
0.310862
0.316856
0.322955
0.329052
0.334801
0.341079
0.347141
0.353697
0.359966
0.365676
0.371631
0.377925
0.384123
0.389818
0.395953
0.402225
0.408117
0.414254
0.420474
0.426368
0.432013
0.438025
0.443875
0.449573
0.455428
0.461552
0.467251
0.472905
0.478801
0.484628
0.490343
0.496352
0.502086
0.508077
0.514026
0.520048
0.525883
0.531811
0.537613
0.543438
0.549306
0.555775
0.561732
0.567734
0.573580
0.579204
0.585032
0.591190
0.596934
0.602733
0.608687
0.614787
0.620145
0.626582
0.632629
0.638358
0.644373
0.650239
0.656415
0.662352
0.668521
0.674356
0.680278
0.686393
0.692612
0.698484
0.704422
0.710481
0.716637
0.722282
0.728130
0.734249
0.740165
0.746409
0.752428
0.758239
0.764114
0.769889
0.775639
0.781753
0.787424
0.794068
0.800208
0.806258
0.812453
0.818773
0.824460
0.830938
0.836838
0.842918
0.849577
0.855682
0.861891
0.868345
0.874368
0.880525
0.886278
0.891617
0.897785
0.903534
0.909396
0.915884
0.921364
0.927212
0.933333
0.939030
0.945261
0.950702
0.956624
0.962390
0.968290
0.974214
0.979932
0.986260
0.992840
0.998266
1.004414
1.010505
1.016657
1.022040
1.027927
1.033946
1.040450
1.046997
1.052440
1.058094
1.063418
1.069132
1.074783
1.080255
1.086439
1.092717
1.098624
1.104818
1.109741
1.115669
1.122046
1.127841
1.133876
1.139817
1.144952
1.150235
1.155445
1.160865
1.166288
1.172053
1.177616
1.183601
1.189052
1.194609
1.200086
1.205680
1.210762
1.215669
1.220887
1.226065
1.231499
1.236475
1.242080
1.247101
1.251830
1.256537
1.261677
1.266630
1.271304
1.277598
1.282758
1.287623
1.292180
1.297131
1.302231
1.306765
1.312002
1.316933
1.321778
1.326972
1.331213
1.336412
1.341105
1.345091
1.349904
1.354571
1.359349
1.364182
1.367559
1.372767
1.376800
1.381810
1.385421
1.390047
1.394304
1.398348
1.402663
1.407170
1.410584
1.414722
1.418506
1.421991
1.426216
1.429979
1.433537
1.437944
1.441317
1.445522
1.449998
1.452645
1.456301
1.459741
1.462980
1.466036
1.469140
1.472958
1.476351
1.480255
1.483949
1.487813
1.491376
1.494542
1.497858
1.501343
1.505273
1.508453
1.511431
1.514248
1.517158
1.521195
1.524108
1.528050
1.531337
1.534025
1.537085
1.539778
1.543511
1.545399
1.549774
1.552512
1.555101
1.557765
1.560944
1.563561
1.565928
1.568877
1.572100
1.574997
1.578316
1.580510
1.584301
1.586886
1.589763
1.592129
1.594324
1.597030
1.600547
1.602553
1.605319
1.607755
1.609805
1.611647
1.615209
1.616930
1.619623
1.623541
1.626063
1.629436
1.631767
1.634418
1.637348
1.640392
1.643074
1.645714
1.648227
1.651351
1.654517
1.655609
1.657582
1.660143
1.662160
1.664892
1.666271
1.667243
1.669339
1.670715
1.671974
1.674665
1.677207
1.678258
1.681777
1.682801
1.685467
1.687453
1.689343
1.691960
1.693383
1.695468
1.697647
1.699927
1.702936
1.704217
1.706063
1.708053
1.710365
1.711565
1.714059
1.716713
1.717954
1.720252
1.722191
1.723855
1.725380
1.727358
1.729045
1.731679
1.732886
1.734870
1.737868
1.739623
1.741107
1.743515
1.745617
1.746886
1.747817
1.750359
1.752770
1.753689
1.755373
1.757966
1.759528
1.760638
1.762494
1.764655
1.766908
1.768910
1.769988
1.771860
1.773871
1.775562
1.776997
1.778470
1.780824
1.782419
1.784111
1.785853
1.787623
1.790232
1.791191
1.792687
1.793804
1.795502
1.797067
1.797832
1.799852
1.801411
1.804103
1.804680
1.806639
1.807747
1.809775
1.812137
1.813301
1.814377
1.816188
1.817155
1.817823
1.820224
1.821731
1.822787
1.824752
1.825979
1.827989
1.829065
1.830632
1.831936
1.833511
1.836189
1.836326
1.837666
1.839287
1.840058
1.841387
1.843165
1.844130
1.844011
1.846333
1.846685
1.848605
1.849448
1.850714
1.852902
1.852255
1.853762
1.855779
1.856455
1.857367
1.858160
1.858864
1.858826
1.860828
1.862780
1.862063
1.864156
1.865623
1.869119
1.870313
1.872630
1.874380
1.875261
1.876305
1.878550
1.878894
1.880397
1.881962
1.883322
1.885449
1.885082
1.885729
1.886822
1.887054
1.887724
1.889632
1.890913
1.890699
1.894511
1.894169
1.895447
1.896378
1.899140
1.901564
1.901056
1.902728
1.902130
1.903268
1.904528
1.905125
1.906144
1.908156
1.908977
1.909074
1.909124
1.910398
1.911085
1.912657
1.912807
1.913810
1.913638
1.915113
1.915229
1.914602
1.916937
1.918219
1.918988
1.920103
1.923353
1.924958
1.926040
1.928886
1.928814
1.929110
1.928780
1.929284
1.930958
1.930167
1.930389
1.929781
1.932521
1.933172
1.935002
1.934353
1.935881
1.936639
1.938058
1.939491
1.942132
1.943339
1.944715
1.946828
1.946032
1.948349
1.949830
1.948999
1.949371
1.949464
1.950634
1.952881
1.955267
1.955763
1.955566
1.957817
1.960983
1.959178
1.959299
1.958355
1.958281
1.959904
1.962579
1.963333
1.963683
1.963707
1.965731
1.969180
1.968287
1.970823
1.973342
1.972566
1.973203
1.973890
1.973218
1.974098
1.974025
1.973594
1.975822
1.977720
1.980050
1.981853
1.982755
1.984795
1.988369
1.987204
1.987595
1.989211
1.991059
1.994546
1.993841
1.993454
1.997213
1.996723
1.998437
2.000605
2.003087
2.002324
2.003149
2.004558
2.004299
2.002448
2.004816
2.005200
2.004895
2.005865
2.007015
2.007690
2.007366
2.007594
2.008437
2.008561
2.011076
2.014599
2.012294
2.012231
2.013451
2.014241
2.019556
2.018040
2.021720
2.024602
2.026415
2.024993
2.025809
2.024643
2.026032
2.028857
2.028953
2.030984
2.030847
2.034826
2.037491
2.038057
2.036939
2.041189
2.043836
2.042940
2.044291
2.042281
2.045497
2.046452
2.044027
2.044511
2.042542
2.043157
2.042825
2.043762
2.045356
2.049189
2.050887
2.052454
2.055280
2.055625
2.054182
2.054891
2.054270
2.052781
2.053125
2.054431
2.053456
2.055485
2.054986
2.053945
2.054783
2.052261
2.054630
2.056259
2.060641
2.060980
2.061936
2.061755
2.061790
2.059666
2.061786
2.063620
2.065181
2.065772
2.062118
2.061620
2.058318
2.058903
2.056132
2.054350
2.058204
2.060706
2.058468
2.058295
2.064105
2.065038
2.067023
2.071842
2.073251
2.078427
2.078125
2.075227
2.077638
2.072251
2.078328
2.081072
2.084051
2.084017
2.084884
2.086188
2.085788
2.091131
2.093426
2.096957
2.097547
2.097965
2.101106
2.107089
2.108587
2.110962
2.113092
2.112689
2.107922
2.109080
2.109730
2.107311
2.107105
2.109331
2.110097
2.111638
2.111309
2.113091
2.112317
2.112266
2.110039
2.107802
2.104614
2.100276
2.098666
2.101155
2.104327
2.100389
2.097734
2.101310
2.101731
2.101712
2.099653
2.098759
2.097078
2.094113
2.099527
2.101170
2.103780
2.110898
2.106413
2.104283
2.102751
2.100627
2.104994
2.097370
2.094652
2.094588
2.099080
2.095552
2.095073
2.095106
2.096257
2.097574
2.100657
2.102367
2.101901
2.103692
2.100461
2.103656
2.105319
2.105681
2.103359
2.100784
2.102919
2.102685
2.105671
2.107897
2.106571
2.106238
2.108365
2.108217
2.112473
2.111778
2.115483
2.121709
2.121431
2.123215
2.123493
2.127038
2.124803
2.117994
2.121979
2.124049
2.126666
2.125616
2.130608
2.131857
2.136352
2.133616
2.126438
2.122770
2.118787
2.122017
2.121888
2.122720
2.125610
2.132490
2.133134
2.129750
2.130821
2.134174
2.135384
2.134397
2.140569
2.144323
2.143662
2.146713
2.152016
2.156398
2.161899
2.163909
2.166106
2.169495
2.173229
2.173254
2.174649
2.182207
2.183202
2.180257
2.183247
2.179471
2.179096
2.176678
2.176669
2.185658
2.179639
2.183551
2.179138
2.175279
2.179037
2.175830
2.168786
2.174231
2.177490
2.174660
2.168817
2.172789
2.171115
2.172084
2.172121
2.173697
2.176990
2.174146
2.171071
2.168161
2.168803
2.177823
2.180908
2.184740
2.177254
2.174208
2.177992
2.184111
2.188637
2.196127
2.206191
2.206147
2.209765
2.208774
2.207340
2.202698
2.207308
2.214193
2.227009
2.223554
2.224337
2.231929
2.239087
2.233526
2.227085
2.232348
2.215460
2.222830
2.226339
2.233668
2.233773
2.230452
2.228849
2.232752
2.233955
2.223821
2.223739
2.218509
2.215681
2.219989
2.221731
2.208523
2.219291
2.214068
2.209432
2.209504
2.208424
2.218956
2.225559
2.226758
2.228173
2.223783
2.228695
2.223147
2.229274
2.229712
2.225569
2.221930
2.224883
2.231026
2.223195
2.230883
2.229573
2.230685
2.236269
2.224652
2.232665
2.226299
2.228305
2.238003
2.232057
2.239539
2.245588
2.249638
2.241840
2.248253
2.250755
2.252709
2.249158
2.237010
2.247377
2.251102
2.250865
2.250650
2.250975
2.263280
2.270274
2.261900
2.271039
2.267960
2.269916
2.272568
2.268468
2.271431
2.272369
2.277135
2.282431
2.272173
2.274665
2.272204
2.267098
2.264280
2.262964
2.263280
2.269190
2.260998
2.247959
2.238152
2.244090
2.247795
2.247663
2.245907
2.233416
2.233385
2.236738
2.241715
2.229798
2.241225
2.247682
2.238395
2.237438
2.233030
2.235014
2.229868
2.221673
2.209838
2.212447
2.214017
2.227930
2.236181
2.228975
2.221029
2.220974
2.220069
2.205585
2.191838
2.190438
2.192273
2.196550
2.191284
2.179173
2.186437
2.186398
2.185234
2.177957
2.171933
2.182935
2.190325
2.189455
2.193311
2.179607
2.174644
2.178150
2.167100
2.168827
2.162841
2.158653
2.166211
2.165998
2.164533
2.167364
2.188275
2.174848
2.172761
2.158583
2.156429
2.150582
2.153008
2.144919
2.141302
2.143135
2.134916
2.134095
2.138708
2.138520
2.151088
2.155001
2.147838
2.145291
2.139360
2.143849
2.141071
2.144050
2.139717
2.144078
2.136424
2.136577
2.133294
2.128489
2.125289
2.124491
2.129345
2.137302
2.133897
2.121171
2.119375
2.122249
2.118469
2.108497
2.121459
2.124768
2.129274
2.117126
2.110624
2.095937
2.089371
2.088623
2.081254
2.074156
2.086629
2.072064
2.074163
2.073074
2.077466
2.086213
2.076843
2.076491
2.068394
2.057473
2.067281
2.061531
2.053853
2.034738
2.047889
2.050905
2.049223
2.053975
2.055226
2.037641
2.041386
2.026745
2.036651
2.052127
2.038778
2.033753
2.030317
2.031804
2.041393
2.032633
2.035845
2.046228
2.048752
2.039129
2.041218
2.049861
2.027206
2.027379
2.030002
2.035564
2.050208
2.044145
2.053495
2.059389
2.058325
2.061438
2.057045
2.067480
2.068525
2.071545
2.081251
2.097376
2.099995
2.110060
2.112448
2.095669
2.089745
2.064847
2.067688
2.054651
2.041433
2.033611
2.032505
2.000610
2.001179
2.000838
2.008520
1.986640
1.987835
2.000931
2.007174
1.997726
1.981645
1.948925
1.940480
1.928537
1.919179
1.933987
1.940280
1.927461
1.926499
1.940437
1.917679
1.930979
1.947125
1.938777
1.947512
1.976085
1.977254
1.980363
1.979054
1.955968
1.952812
1.937114
1.947894
1.959733
1.949716
1.964051
1.972378
1.970101
1.961289
1.975570
1.996110
2.008811
2.021211
2.011590
2.012334
2.035986
2.041478
2.041064
2.041341
2.061016
2.071552
2.071411
2.088301
2.066532
2.088038
2.096151
2.073251
2.054044
2.078544
2.095727
2.101401
2.110686
2.086828
2.062062
2.073875
2.073803
2.071285
2.060199
2.070068
2.044578
2.048394
2.062520
2.062467
2.067120
2.065826
2.051749
2.083977
2.058079
2.051429
2.076174
2.072555
2.071401
2.084469
2.066601
2.059179
2.079656
2.080123
2.101217
2.116255
2.086774
2.109396
2.100466
2.094036
2.090817
2.091652
2.097353
2.068912
2.077204
2.046521
2.054693
2.069759
2.062920
2.060122
2.038020
2.017315
2.030404
2.040120
2.034558
2.029449
2.001303
1.987443
1.999020
2.016531
2.015915
2.013040
2.012500
2.025147
2.009796
1.996467
1.991058
2.028824
2.021468
2.025057
2.015571
2.047161
2.062756
2.062731
2.094098
2.093362
2.101136
2.115612
2.117037
2.109922
2.130497
2.133440
2.150289
2.168075
2.160963
2.195099
2.192359
2.159284
2.171725
2.162718
2.131834
2.140505
2.128788
2.155825
2.154790
2.143118
2.160491
2.132222
2.118112
2.104408
2.094969
2.103104
2.090933
2.108797
2.095298
2.103779
2.086203
2.119816
2.150374
2.171721
2.181673
2.169918
2.173221
2.136113
2.187487
2.196653
2.196906
2.174972
2.191603
2.187600
2.209921
2.168233
2.158307
2.151658
2.157823
2.157210
2.159880
2.143723
2.132356
2.110470
2.099842
2.098308
2.129704
2.105264
2.108828
2.134339
2.111808
2.118403
2.099930
2.087443
2.093031
2.092214
2.117149
2.131500
2.105785
2.080013
2.063010
2.053737
2.058721
2.057552
2.047934
2.027150
2.052207
2.048421
2.042970
2.046430
2.063706
2.071600
2.079862
2.073840
2.105646
2.097008
2.072966
2.042364
2.006963
1.965915
1.948578
1.954364
1.968783
1.960977
2.000152
2.007876
2.030222
2.060213
2.060181
2.065528
2.097271
2.065729
2.044534
2.036474
2.057578
2.093978
2.083534
2.103505
2.120454
2.104005
2.122431
2.156313
2.133644
2.165416
2.182553
2.156582
2.151290
2.172054
2.164794
2.222262
2.217320
2.211036
2.171104
2.173676
2.174273
2.201309
2.197097
2.169786
2.159306
2.170942
2.168010
2.167349
2.212344
2.221508
2.198797
2.197093
2.196265
2.201011
2.210871
2.214196
2.194927
2.218158
2.232183
2.226448
2.234149
2.197630
2.224773
2.200429
2.144780
2.107792
2.085140
2.091534
2.068599
2.069689
2.093500
2.093586
2.077799
2.056619
2.045270
2.100026
2.054500
2.058541
2.055665
2.092318
2.112873
2.065170
2.062032
2.101449
2.100128
2.078734
2.117156
2.099443
2.149424
2.138514
2.165232
2.175854
2.166996
2.171682
2.189174
2.196926
2.163556
2.180900
2.183522
2.198299
2.234354
2.225728
2.260645
2.243105
2.406805
2.407277
2.366137
2.359691
2.268863
2.322107
2.330338
2.312949
2.308251
2.323658
2.297556
2.238940
2.291568
2.294477
2.362116
2.314269
2.284372
2.292834
2.270206
2.254281
2.248102
2.214931
2.174943
2.186971
2.242035
2.161330
2.083826
2.090293
2.056098
2.070644
2.045273
1.988475
1.972732
1.995060
1.955428
2.004958
2.041734
2.039941
2.016174
2.046776
2.028393
1.990339
1.995912
2.014366
2.051461
2.077952
2.096186
2.009439
2.048265
2.089794
2.063356
2.036347
2.135951
2.171194
2.218928
2.215660
2.179968
2.178129
2.125561
2.138671
2.135270
2.073618
2.088701
2.120202
2.158072
2.172732
2.143244
2.136550
2.234058
2.222070
2.142638
2.102444
2.084235
2.125898
2.146634
2.188962
2.150824
2.176225
2.171478
2.098518
2.124255
2.100598
2.172546
2.157793
2.173534
2.164872
2.196247
2.196976
2.198617
2.260668
2.262969
2.276608
2.303381
2.323662
2.284353
2.221705
2.149089
2.102486
2.051483
2.074722
2.043535
2.028932
2.130138
2.148851
2.106651
2.066738
2.116398
2.065356
2.065500
2.034352
2.074605
2.069272
2.056807
2.032907
2.002311
1.999504
2.050141
1.980389
2.000000
0.000000
0.000000
0.000000
0.000000
0.000000
0.000000
0.000000
0.000000
0.000000
0.000000
0.000000
0.000000
0.000000
0.000000
0.000000
0.000000
0.000000
0.000000
0.000000
0.000000
0.000000
0.000000
0.000000
0.000000
0.000000
0.000000
0.000000
0.000000
0.000000
0.000000
0.000000
0.000000
0.000000
0.000000
0.000000
0.000000
0.000000
0.000000
0.000000
0.000000
0.000000
0.000000
0.000000
0.000000
0.000000
0.000000
0.000000
0.000000
0.000000
0.000000
0.000000
0.000000
0.000000
0.000000
0.000000
0.000000
