0.000000
0.000007
0.000017
0.000033
0.000054
0.000082
0.000120
0.000160
0.000208
0.000263
0.000325
0.000386
0.000453
0.000527
0.000606
0.000697
0.000790
0.000892
0.001014
0.001129
0.001236
0.001344
0.001490
0.001623
0.001770
0.001891
0.002062
0.002222
0.002392
0.002584
0.002755
0.002952
0.003136
0.003324
0.003548
0.003737
0.003920
0.004159
0.004406
0.004660
0.004941
0.005179
0.005470
0.005738
0.005992
0.006239
0.006534
0.006769
0.007066
0.007385
0.007724
0.008084
0.008400
0.008758
0.009093
0.009445
0.009714
0.010115
0.010495
0.010852
0.011236
0.011573
0.012016
0.012334
0.012654
0.013107
0.013582
0.013958
0.014371
0.014817
0.015190
0.015552
0.015947
0.016449
0.016929
0.017384
0.017808
0.018293
0.018779
0.019211
0.019634
0.020253
0.020750
0.021224
0.021755
0.022207
0.022697
0.023218
0.023739
0.024427
0.024868
0.025537
0.026029
0.026648
0.027204
0.027682
0.028330
0.028976
0.029430
0.029997
0.030791
0.031356
0.031798
0.032484
0.033014
0.033650
0.034466
0.035037
0.035582
0.036253
0.036706
0.037393
0.037952
0.038481
0.039374
0.040053
0.040758
0.041489
0.042060
0.042803
0.043556
0.044275
0.045251
0.045877
0.046581
0.047359
0.048340
0.049492
0.050111
0.050832
0.051508
0.052227
0.052974
0.053895
0.054978
0.055550
0.056145
0.057075
0.057797
0.058374
0.059091
0.059640
0.060309
0.061149
0.062141
0.063107
0.064065
0.064712
0.065610
0.066379
0.067136
0.067864
0.068708
0.069657
0.070733
0.071596
0.072302
0.073034
0.073977
0.074882
0.075657
0.076542
0.077340
0.078026
0.078980
0.080159
0.081277
0.081966
0.083216
0.084220
0.085194
0.086094
0.087006
0.088012
0.088936
0.090136
0.091073
0.092044
0.092741
0.093211
0.093670
0.094425
0.095228
0.096562
0.096965
0.097749
0.098229
0.098959
0.099451
0.100099
0.100850
0.101480
0.102243
0.103018
0.103759
0.104231
0.105155
0.106056
0.106764
0.107747
0.108604
0.109828
0.110673
0.111241
0.111596
0.111911
0.112743
0.113136
0.113710
0.113821
0.114490
0.115407
0.115672
0.116313
0.116618
0.117210
0.117890
0.118402
0.118655
0.118822
0.119174
0.119766
0.119958
0.120218
0.120794
0.121130
0.121272
0.121833
0.121937
0.122227
0.122594
0.122654
0.122951
0.123253
0.123389
0.124013
0.123728
0.124199
0.124541
0.124633
0.124900
0.125250
0.124846
0.124943
0.125254
0.125739
0.125726
0.125756
0.126014
0.126243
0.126390
0.126958
0.126888
0.127175
0.127098
0.126889
0.126651
0.126419
0.125965
0.125971
0.126052
0.125955
0.125906
0.125756
0.125371
0.125825
0.126155
0.126329
0.126311
0.126335
0.126734
0.126148
0.125683
0.125549
0.125591
0.125781
0.125647
0.125560
0.125453
0.125965
0.126420
0.126627
0.126198
0.126098
0.125700
0.125066
0.125007
0.124955
0.124183
0.124231
0.123963
0.124017
0.123667
0.123793
0.123388
0.122860
0.122489
0.122146
0.121836
0.121482
0.121615
0.121454
0.121364
0.121373
0.121431
0.121329
0.121305
0.121060
0.120823
0.120424
0.120935
0.121122
0.120771
0.120719
0.120566
0.120376
0.120024
0.119252
0.119104
0.118988
0.119353
0.119226
0.119380
0.119709
0.119873
0.120323
0.119566
0.120130
0.119363
0.119521
0.118976
0.119194
0.119300
0.119804
0.119174
0.118774
0.118752
0.118874
0.118635
0.118972
0.118708
0.118899
0.119561
0.119743
0.119030
0.118678
0.118896
0.118940
0.118757
0.118421
0.117979
0.117726
0.117999
0.118459
0.118469
0.118306
0.117360
0.117429
0.116888
0.117123
0.117996
0.118328
0.118938
0.118575
0.118571
0.118185
0.117989
0.117671
0.117916
0.117621
0.117980
0.118177
0.118006
0.118313
0.118142
0.118338
0.118430
0.118514
0.118776
0.118974
0.118280
0.117641
0.117088
0.117448
0.117423
0.117794
0.117623
0.118702
0.118368
0.117619
0.118268
0.117558
0.118206
0.118425
0.119591
0.119261
0.119327
0.119062
0.118705
0.118640
0.118820
0.117833
0.117695
0.117832
0.117403
0.117360
0.117321
0.117298
0.117211
0.117882
0.117280
0.117547
0.117105
0.117784
0.118548
0.118613
0.118839
0.118738
0.118332
0.118159
0.118448
0.118723
0.119784
0.120075
0.119494
0.119976
0.120253
0.119926
0.119790
0.120390
0.119542
0.119940
0.119693
0.118948
0.118611
0.118688
0.119569
0.119820
0.118911
0.119621
0.119488
0.119889
0.120871
0.120390
0.119944
0.119323
0.119674
0.120351
0.120323
0.121656
0.121681
0.121223
0.121273
0.122121
0.122369
0.123641
0.125448
0.125980
0.125689
0.126206
0.126037
0.125892
0.124952
0.124637
0.125046
0.124001
0.123815
0.124038
0.124974
0.124316
0.123687
0.123881
0.124127
0.124551
0.124989
0.125326
0.126452
0.126531
0.126198
0.127276
0.127506
0.126191
0.125597
0.125730
0.125128
0.125359
0.124996
0.124489
0.124359
0.125060
0.125824
0.126690
0.126929
0.127025
0.127337
0.127902
0.128469
0.128110
0.127638
0.127555
0.128333
0.128950
0.129064
0.129655
0.129171
0.129540
0.129255
0.129159
0.129534
0.129285
0.128245
0.130739
0.129942
0.129270
0.129929
0.129180
0.130191
0.131576
0.130993
0.131988
0.132079
0.133267
0.133679
0.131805
0.131572
0.134633
0.134119
0.132891
0.132466
0.133394
0.132908
0.133851
0.132473
0.131805
0.132372
0.132516
0.132539
0.132426
0.133342
0.133137
0.132720
0.131617
0.132348
0.131906
0.133661
0.133980
0.134945
0.135095
0.134392
0.134542
0.136497
0.135484
0.135724
0.137064
0.137094
0.137722
0.137746
0.139271
0.139944
0.139836
0.139597
0.139284
0.139553
0.139236
0.139623
0.140206
0.142236
0.143174
0.141665
0.140559
0.142435
0.143604
0.144389
0.143229
0.142247
0.141753
0.143834
0.144786
0.143555
0.143687
0.141282
0.141929
0.141639
0.143149
0.142129
0.142420
0.142563
0.141812
0.141677
0.141714
0.141396
0.140191
0.139646
0.139532
0.140840
0.142520
0.145761
0.145782
0.146972
0.145439
0.145689
0.148272
0.145750
0.145875
0.144817
0.145344
0.144912
0.144263
0.142812
0.142742
0.145963
0.144266
0.145130
0.143222
0.142317
0.143325
0.146462
0.148793
0.150026
0.151595
0.151944
0.153402
0.150372
0.148673
0.149382
0.149054
0.151165
0.153421
0.155008
0.152192
0.152101
0.149462
0.148171
0.147835
0.148663
0.150435
0.151338
0.151739
0.152377
0.151708
0.150726
0.151831
0.151160
0.152230
0.151724
0.150214
0.150391
0.151855
0.152892
0.154482
0.155343
0.154738
0.154699
0.155460
0.154289
0.154114
0.156148
0.152911
0.153716
0.153592
0.154836
0.154759
0.154193
0.153919
0.154218
0.151611
0.149539
0.149258
0.148204
0.145593
0.143330
0.146392
0.147271
0.151163
0.152734
0.156777
0.160471
0.158006
0.155885
0.155416
0.151823
0.151613
0.155559
0.160031
0.160790
0.162455
0.164962
0.163504
0.165175
0.161879
0.164304
0.165519
0.164892
0.168653
0.171521
0.173005
0.175312
0.180330
0.173739
0.174531
0.174399
0.170066
0.171177
0.170375
0.170391
0.172369
0.172324
0.173801
0.172902
0.171349
0.168883
0.167858
0.171519
0.169652
0.166681
0.167287
0.166375
0.168002
0.170231
0.167883
0.172445
0.175135
0.174385
0.171808
0.174486
0.173310
0.174517
0.181475
0.181745
0.181929
0.181565
0.179819
0.180823
0.178180
0.176892
0.174842
0.172728
0.174484
0.171870
0.176248
0.175688
0.177145
0.176985
0.173421
0.172665
0.172987
0.175424
0.174245
0.175877
0.179622
0.179756
0.179330
0.179177
0.180054
0.186711
0.186378
0.188843
0.187636
0.187250
0.185474
0.188122
0.185951
0.185888
0.191276
0.193283
0.191293
0.201462
0.202907
0.204043
0.200907
0.203878
0.201546
0.195865
0.194278
0.195558
0.198506
0.192823
0.193592
0.198336
0.199409
0.199394
0.195997
0.194796
0.197606
0.198361
0.195654
0.188890
0.191956
0.198000
0.200158
0.204432
0.201459
0.205050
0.208966
0.207870
0.211665
0.211529
0.217501
0.219750
0.228006
0.227333
0.232582
0.234154
0.237485
0.239816
0.244351
0.251325
0.248665
0.251298
0.257840
0.255707
0.256090
0.262278
0.256055
0.252207
0.254916
0.263007
0.266861
0.263193
0.268758
0.270827
0.271526
0.264261
0.269067
0.267871
0.271537
0.267306
0.269780
0.273941
0.266829
0.262879
0.269731
0.279183
0.277003
0.275549
0.277372
0.285176
0.285502
0.295145
0.300414
0.313046
0.310633
0.312737
0.316913
0.328784
0.325136
0.332976
0.343849
0.336839
0.342445
0.339534
0.353624
0.355475
0.349269
0.352442
0.352828
0.345248
0.329294
0.329736
0.337981
0.341161
0.330576
0.327543
0.314634
0.315085
0.315189
0.324638
0.321064
0.320980
0.323926
0.313948
0.315261
0.314085
0.319620
0.328223
0.328542
0.329100
0.316613
0.313937
0.315286
0.305737
0.294064
0.283523
0.282488
0.285291
0.281847
0.278419
0.287179
0.280333
0.278872
0.271702
0.285085
0.284118
0.279737
0.276050
0.276305
0.278502
0.282337
0.296376
0.304605
0.314624
0.313293
0.310337
0.323041
0.319225
0.314280
0.327714
0.327227
0.330656
0.343359
0.345513
0.356537
0.349813
0.349308
0.337489
0.341607
0.337323
0.332958
0.344339
0.338790
0.341631
0.335556
0.338010
0.352522
0.359656
0.365320
0.372110
0.360957
0.358500
0.361317
0.352676
0.350282
0.366725
0.368954
0.356332
0.347143
0.347685
0.333918
0.339916
0.338824
0.335073
0.337681
0.327784
0.319506
0.309254
0.303421
0.301000
0.302391
0.305763
0.298186
0.297301
0.298081
0.294906
0.295569
0.298032
0.303813
0.290685
0.289858
0.285459
0.282434
0.289487
0.280920
0.263662
0.249525
0.253670
0.244414
0.248497
0.254497
0.245828
0.257916
0.250450
0.244646
0.245031
0.236955
0.245313
0.249468
0.254320
0.247044
0.256724
0.243204
0.233626
0.218798
0.227069
0.220050
0.220804
0.217690
0.217053
0.215189
0.218052
0.221796
0.206859
0.197763
0.182361
0.178067
0.177316
0.170813
0.188777
0.196421
0.214447
0.206133
0.200405
0.194931
0.200593
0.192359
0.189716
0.177103
0.173474
0.172283
0.170426
0.168960
0.162586
0.152528
0.146209
0.145520
0.138976
0.145366
0.144408
0.144546
0.146847
0.144267
0.144637
0.139693
0.131959
0.127680
0.118369
0.118101
0.111634
0.117006
0.114481
0.111613
0.111812
0.113231
0.107964
0.103272
0.100547
0.089551
0.079305
0.082122
0.090018
0.084798
0.085291
0.083716
0.078822
0.080062
0.076680
0.080627
0.085468
0.083159
0.081022
0.073964
0.077924
0.081516
0.078231
0.081003
0.081216
0.068599
0.066893
0.070381
0.067230
0.061160
0.062761
0.069874
0.062219
0.071217
0.070285
0.063835
0.068713
0.069426
0.083757
0.088411
0.081978
0.083730
0.080946
0.081417
0.085498
0.087991
0.076336
0.078848
0.073016
0.074018
0.070013
0.065418
0.068636
0.067211
0.073888
0.069672
0.072678
0.065506
0.074768
0.078704
0.085783
0.078894
0.070877
0.074961
0.076644
0.070963
0.072046
0.068315
0.064433
0.065440
0.064981
0.053069
0.051135
0.047463
0.053333
0.057944
0.053050
0.063616
0.062041
0.060855
0.062436
0.057318
0.063778
0.061028
0.058451
0.065828
0.060515
0.055880
0.061527
0.067320
0.059407
0.062305
0.063460
0.075686
0.071409
0.074474
0.065686
0.055997
0.055349
0.069547
0.064448
0.059300
0.069109
0.075977
0.072999
0.072795
0.071314
0.077845
0.063716
0.056738
0.048823
0.049195
0.049137
0.050355
0.053889
0.049737
0.050548
0.059898
0.065712
0.071870
0.073608
0.084970
0.090597
0.088412
0.074322
0.061474
0.061877
0.064521
0.075510
0.075179
0.097869
0.088460
0.084560
0.086687
0.093601
0.105914
0.107576
0.126468
0.118230
0.122474
0.117706
0.115605
0.117987
0.105808
0.108721
0.113324
0.117329
0.105321
0.095635
0.077053
0.082030
0.078203
0.084068
0.088908
0.093552
0.085273
0.076572
0.081102
0.081301
0.081873
0.088700
0.084015
0.088783
0.078908
0.068920
0.073226
0.064281
0.056519
0.047493
0.055673
0.056081
0.068253
0.070694
0.071466
0.078473
0.091183
0.092162
0.090614
0.097778
0.103871
0.113655
0.117168
0.123507
0.114864
0.112293
0.098508
0.092235
0.092311
0.087048
0.099416
0.104437
0.113314
0.116537
0.126474
0.143302
0.140688
0.139412
0.136975
0.148267
0.152186
0.136111
0.134874
0.148954
0.142153
0.139768
0.158995
0.159289
0.180869
0.163096
0.159654
0.172745
0.176753
0.183972
0.187017
0.162915
0.188652
0.202019
0.204014
0.189813
0.184938
0.203030
0.212150
0.228990
0.233606
0.211837
0.196369
0.188569
0.187024
0.189238
0.178427
0.185771
0.177828
0.163023
0.166809
0.183145
0.187803
0.207343
0.199298
0.240838
0.278195
0.269215
0.243986
0.244998
0.234951
0.230055
0.256135
0.250227
0.237838
0.206217
0.221438
0.198630
0.196591
0.199586
0.198525
0.189123
0.184849
0.154291
0.146001
0.142208
0.124723
0.115131
0.144187
0.142774
0.158305
0.139254
0.153439
0.164862
0.145180
0.136388
0.143333
0.124630
0.115665
0.110166
0.098674
0.118836
0.118595
0.129365
0.124771
0.111081
0.099640
0.103568
0.088318
0.084475
0.096907
0.085640
0.094665
0.067057
0.072304
0.060833
0.075561
0.073797
0.079966
0.067527
0.063918
0.064645
0.064106
0.065757
0.056304
0.085035
0.077339
0.063537
0.063378
0.051383
0.044714
0.065109
0.077532
0.103634
0.133927
0.138533
0.137381
0.128900
0.127782
0.072960
0.066810
0.082773
0.116896
0.120506
0.098729
0.090943
0.103160
0.105769
0.132192
0.119022
0.099897
0.122763
0.138174
0.125877
0.125819
0.138385
0.107217
0.094649
0.110381
0.095012
0.116094
0.119261
0.122799
0.073344
0.066889
0.082941
0.072792
0.059301
0.037698
0.066420
0.058401
0.044401
0.052314
0.025816
0.017953
0.015140
0.012236
0.014551
0.022774
0.013665
0.011075
0.008758
0.011800
0.012510
0.013605
0.018355
0.017724
0.018688
0.013521
0.014598
0.016454
0.027246
0.034304
0.033677
0.033867
0.030131
0.028387
0.042542
0.061750
0.055224
0.082758
0.064223
0.061126
0.064460
0.052964
0.063299
0.079106
0.058323
0.088423
0.092057
0.080743
0.068343
0.083600
0.077325
0.069519
0.049428
0.039334
0.046083
0.060482
0.037124
0.040985
0.038849
0.018678
0.014437
0.026088
0.015981
0.011692
0.009474
0.001891
0.007216
0.015060
0.008640
0.015794
0.016619
0.009621
0.000327
0.000211
0.000079
0.000000
0.003889
0.007574
0.007292
0.011898
0.006124
0.003945
0.005644
0.008288
0.004785
0.006458
0.003534
0.006682
0.004529
0.002901
0.005449
0.001991
0.000184
0.000023
0.001809
0.000058
0.000104
0.000262
0.000000
0.000000
0.000000
0.000000
0.000000
0.000000
0.000000
0.000000
0.000000
0.000000
0.000000
0.000000
0.000000
0.000000
0.000000
0.000000
0.000000
0.000000
0.000000
0.000000
0.000000
0.000000
0.000000
0.000000
0.000000
0.000000
0.000000
0.000000
0.000000
0.000000
0.000000
0.000000
0.000000
0.000000
0.000000
0.000000
0.000000
0.000000
0.000000
0.000000
0.000000
0.000000
0.000000
0.000000
0.000000
0.000000
0.000000
0.000000
0.000000
0.000000
0.000000
0.000000
0.000000
0.000000
0.000000
0.000000
0.000000
0.000000
0.000000
0.000000
0.000000
0.000000
0.000000
0.000000
0.000000
0.000000
0.000000
0.000000
0.000000
0.000000
0.000000
0.000000
0.000000
0.000000
0.000000
0.000000
0.000000
0.000000
0.000000
0.000000
0.000000
0.000000
0.000000
0.000000
0.000000
0.000000
0.000000
0.000000
0.000000
0.000000
0.000000
0.000000
0.000000
0.000000
0.000000
0.000000
0.000000
0.000000
0.000000
0.000000
0.000000
0.000000
0.000000
0.000000
0.000000
0.000000
0.000000
0.000000
0.000000
0.000000
0.000000
0.000000
0.000000
0.000000
0.000000
0.000000
0.000000
0.000000
0.000000
0.000000
0.000000
0.000000
0.000000
0.000000
0.000000
0.000000
0.000000
0.000000
0.000000
0.000000
0.000000
0.000000
0.000000
0.000000
0.000000
0.000000
